function clrs=def_colors
%% Loads colors for plotting

clrs.pink=[227,70,170]/255;
clrs.gold=[249,194,34]/255;
clrs.blue=[97,190,221]/255;
clrs.seafoam=[104,243,212]/255;
clrs.darkgreen=[96,114,13]/255;
clrs.green=[145,173,19]/255;
clrs.red=[193,39,45]/255;
clrs.prim2mint1=[185,55,179]/255;
clrs.prim2mint2=[165,102,187]/255;
clrs.prim2mint3=[145,149,194]/255;
clrs.prim2mint4=[125,196,202]/255;
clrs.prim2mint5=[105,243,209]/255;
clrs.purp2blue1=[155,69,218]/255;
clrs.purp2blue2=[141,99,219]/255;
clrs.purp2blue3=[126,130,219]/255;
clrs.purp2blue4=[112,160,220]/255;
clrs.gray=[161,160,160]/255;
clrs.lightgray=[201,200,200]/255;
clrs.lilac=[208,189,234]/255;

%% Per subject plots

clrs.subjects=(1/255)*...
[230,44,59;
230,129,21;
242,214,75;
139,145,19;
151,219,68;
20,120,44;
116,219,169;
16,131,133;
104,164,232;
33,13,186;
167,112,212;
162,8,189;
240,93,174];

%% Colormap for value function
clrs.paradise=(1/255)*...
[209,255,97;
207,255,98;
205,255,100;
204,255,102;
202,255,104;
201,255,106;
199,255,108;
197,254,109;
196,254,111;
194,254,113;
192,254,115;
191,254,117;
189,253,119;
188,253,120;
186,253,122;
184,253,124;
183,252,126;
181,252,128;
179,252,130;
178,252,131;
176,252,133;
175,251,135;
173,251,137;
171,251,139;
170,251,141;
168,251,142;
166,250,144;
165,250,146;
163,250,148;
162,250,150;
160,250,152;
158,249,153;
157,249,155;
155,249,157;
153,249,159;
152,249,161;
150,248,162;
149,248,164;
147,248,166;
145,248,168;
144,248,170;
142,247,172;
140,247,173;
139,247,175;
137,247,177;
136,247,179;
134,246,181;
132,246,183;
131,246,184;
129,246,186;
127,245,188;
126,245,190;
124,245,192;
123,245,194;
121,245,195;
119,244,197;
118,244,199;
116,244,201;
114,244,203;
113,244,205;
111,243,206;
110,243,208;
108,243,210;
106,243,212;
105,242,213;
105,240,214;
104,238,214;
104,237,214;
104,235,215;
104,233,215;
103,231,215;
103,229,215;
103,227,216;
102,225,216;
102,224,216;
102,222,217;
101,220,217;
101,218,217;
101,216,217;
100,214,218;
100,213,218;
100,211,218;
100,209,219;
99,207,219;
99,205,219;
99,203,219;
98,201,220;
98,200,220;
98,198,220;
97,196,221;
97,194,221;
97,192,221;
97,190,221;
96,188,222;
96,187,222;
96,185,222;
95,183,223;
95,181,223;
95,179,223;
94,177,224;
94,175,224;
94,174,224;
94,172,224;
93,170,225;
93,168,225;
93,166,225;
92,164,226;
92,162,226;
92,161,226;
91,159,226;
91,157,227;
91,155,227;
90,153,227;
90,151,228;
90,149,228;
90,148,228;
89,146,228;
89,144,229;
89,142,229;
88,140,229;
88,138,230;
88,136,230;
87,135,230;
87,133,231;
87,131,231;
87,129,231;
86,127,231;
86,125,232;
86,124,231;
87,122,231;
87,121,230;
88,119,229;
89,118,229;
89,117,228;
90,115,227;
91,114,227;
91,112,226;
92,111,225;
93,110,225;
93,108,224;
94,107,223;
95,105,223;
95,104,222;
96,102,221;
97,101,221;
97,100,220;
98,98,219;
99,97,219;
99,95,218;
100,94,217;
101,93,217;
101,91,216;
102,90,215;
102,88,215;
103,87,214;
104,85,213;
104,84,213;
105,83,212;
106,81,211;
106,80,211;
107,78,210;
108,77,209;
108,75,209;
109,74,208;
110,73,207;
110,71,207;
111,70,206;
112,68,205;
112,67,205;
113,66,204;
114,64,203;
114,63,203;
115,61,202;
116,60,201;
116,58,201;
117,57,200;
118,56,199;
118,54,199;
119,53,198;
119,51,197;
120,50,197;
121,49,196;
121,47,195;
122,46,195;
123,44,194;
123,43,193;
124,41,193;
125,40,192;
125,39,191;
126,37,191;
127,36,190;
127,34,189;
129,35,189;
131,35,189;
133,36,188;
135,37,188;
136,37,188;
138,38,187;
140,39,187;
142,39,187;
144,40,186;
146,41,186;
148,41,185;
150,42,185;
152,43,185;
154,44,184;
155,44,184;
157,45,184;
159,46,183;
161,46,183;
163,47,183;
165,48,182;
167,48,182;
169,49,181;
171,50,181;
172,50,181;
174,51,180;
176,52,180;
178,52,180;
180,53,179;
182,54,179;
184,55,179;
186,55,178;
188,56,178;
189,57,177;
191,57,177;
193,58,177;
195,59,176;
197,59,176;
199,60,176;
201,61,175;
203,61,175;
205,62,175;
206,63,174;
208,64,174;
210,64,173;
212,65,173;
214,66,173;
216,66,172;
218,67,172;
220,68,172;
222,68,171;
223,69,171;
225,70,171;
227,70,170;
229,71,170;
231,72,169;
233,73,169;
235,73,169;
237,74,168;
239,75,168;
240,75,168;
242,76,167;
244,77,167;
246,77,167;
248,78,166];