function ind=exclude_first_runs
%% Exclude first trials for each run due to potential technical issues at 
% software startup

I_arena=[ones(1,27),2*ones(1,18),3*ones(1,14),4*ones(1,19),5*ones(1,22)];
I_subj=[1,1,2,2,2,3,4,5,6,6,7,8,8,9,9,9,9,10,10,10,11,11,11,12,12,13,13,...
    1,1,2,3,4,5,6,7,7,8,9,9,9,10,10,11,12,13,...
    1,2,3,4,5,6,7,8,8,9,10,11,12,13,...
    1,2,3,4,4,4,5,6,7,8,8,9,10,10,11,11,12,12,13,...
    1,1,1,1,1,1,1,1,1,2,3,4,5,6,7,8,9,10,11,12,13,13];
I_trial=[1,17,1,4,38,1,1,1,1,15,1,1,27,1,16,26,34,1,15,27,1,12,19,1,51,1,36,...
    1,36,1,1,1,1,1,1,44,1,1,35,42,1,31,1,1,1,...
    1,1,1,1,1,1,1,1,27,1,1,1,1,1,...
    1,1,1,1,13,20,1,1,1,1,26,1,1,12,1,34,1,7,1,...
    1,7,13,19,25,31,37,43,49,1,1,1,1,1,1,1,1,1,1,1,1,31];
ind=sub2ind([5,13,60],I_arena,I_subj,I_trial);